Analog mode:
0000,0070,0000,0032,0080,0040,0010,0010,0010,0010,0010,0030,0010,0010,0010,0030,0010,0010,0010,0030,0010,0010,0010,0010,0010,0030,0010,0010,0010,0010,0010,0030,0010,0030,0010,0010,0010,0010,0010,0010,0010,0010,0010,0010,0010,0010,0010,0030,0010,0030,0010,0030,0010,0010,0010,0030,0010,0010,0010,0010,0010,0010,0010,0030,0010,0030,0010,0010,0010,0010,0010,0030,0010,0030,0010,0010,0010,0010,0010,0010,0010,0010,0010,0010,0010,0010,0010,0010,0010,0030,0010,0010,0010,0010,0010,0010,0010,0010,0010,0030,0010,0010,0010,0ACE

Vol up:
0000,0070,0000,0032,0080,0040,0010,0010,0010,0010,0010,0030,0010,0010,0010,0030,0010,0010,0010,0030,0010,0010,0010,0010,0010,0030,0010,0010,0010,0010,0010,0030,0010,0030,0010,0010,0010,0010,0010,0010,0010,0010,0010,0010,0010,0010,0010,0030,0010,0030,0010,0030,0010,0010,0010,0030,0010,0010,0010,0010,0010,0010,0010,0030,0010,0010,0010,0030,0010,0030,0010,0010,0010,0010,0010,0010,0010,0010,0010,0010,0010,0010,0010,0010,0010,0010,0010,0030,0010,0010,0010,0010,0010,0010,0010,0010,0010,0030,0010,0010,0010,0030,0010,0ACE

Input up:
0000,0070,0000,0032,0080,0040,0010,0010,0010,0010,0010,0030,0010,0010,0010,0030,0010,0010,0010,0030,0010,0010,0010,0010,0010,0030,0010,0010,0010,0010,0010,0030,0010,0030,0010,0010,0010,0010,0010,0010,0010,0010,0010,0010,0010,0010,0010,0030,0010,0030,0010,0030,0010,0010,0010,0030,0010,0010,0010,0010,0010,0010,0010,0030,0010,0030,0010,0030,0010,0030,0010,0010,0010,0010,0010,0010,0010,0010,0010,0010,0010,0010,0010,0010,0010,0010,0010,0030,0010,0010,0010,0010,0010,0010,0010,0010,0010,0010,0010,0010,0010,0030,0010,0ACE

Muting:
0000,0070,0000,0032,0080,0040,0010,0010,0010,0010,0010,0030,0010,0010,0010,0030,0010,0010,0010,0030,0010,0010,0010,0010,0010,0030,0010,0010,0010,0010,0010,0030,0010,0030,0010,0010,0010,0010,0010,0010,0010,0010,0010,0010,0010,0010,0010,0030,0010,0030,0010,0030,0010,0010,0010,0030,0010,0010,0010,0010,0010,0010,0010,0030,0010,0030,0010,0010,0010,0030,0010,0010,0010,0010,0010,0010,0010,0010,0010,0010,0010,0010,0010,0010,0010,0010,0010,0030,0010,0010,0010,0010,0010,0010,0010,0010,0010,0010,0010,0030,0010,0030,0010,0ACE

Vol down:
0000,0070,0000,0032,0080,0040,0010,0010,0010,0010,0010,0030,0010,0010,0010,0030,0010,0010,0010,0030,0010,0010,0010,0010,0010,0030,0010,0010,0010,0010,0010,0030,0010,0030,0010,0010,0010,0010,0010,0010,0010,0010,0010,0010,0010,0010,0010,0030,0010,0030,0010,0030,0010,0010,0010,0030,0010,0010,0010,0010,0010,0010,0010,0010,0010,0010,0010,0030,0010,0030,0010,0010,0010,0010,0010,0010,0010,0010,0010,0010,0010,0010,0010,0010,0010,0010,0010,0030,0010,0010,0010,0010,0010,0010,0010,0030,0010,0030,0010,0010,0010,0030,0010,0ACE

Input down:
0000,0070,0000,0032,0080,0040,0010,0010,0010,0010,0010,0030,0010,0010,0010,0030,0010,0010,0010,0030,0010,0010,0010,0010,0010,0030,0010,0010,0010,0010,0010,0030,0010,0030,0010,0010,0010,0010,0010,0010,0010,0010,0010,0010,0010,0010,0010,0030,0010,0030,0010,0030,0010,0010,0010,0030,0010,0010,0010,0010,0010,0010,0010,0010,0010,0030,0010,0030,0010,0030,0010,0010,0010,0010,0010,0010,0010,0010,0010,0010,0010,0010,0010,0010,0010,0010,0010,0030,0010,0010,0010,0010,0010,0010,0010,0030,0010,0010,0010,0010,0010,0030,0010,0ACE

Power ON (repeat x2):
0000,0070,0000,0032,0080,0040,0010,0010,0010,0010,0010,0030,0010,0010,0010,0030,0010,0010,0010,0030,0010,0010,0010,0010,0010,0030,0010,0010,0010,0010,0010,0030,0010,0030,0010,0010,0010,0010,0010,0010,0010,0010,0010,0010,0010,0010,0010,0030,0010,0030,0010,0030,0010,0010,0010,0030,0010,0010,0010,0010,0010,0010,0010,0010,0010,0030,0010,0030,0010,0030,0010,0030,0010,0010,0010,0030,0010,0010,0010,0010,0010,0010,0010,0010,0010,0010,0010,0010,0010,0010,0010,0030,0010,0010,0010,0030,0010,0010,0010,0010,0010,0030,0010,0ACE

Power OFF:
0000,0070,0000,0032,0080,0040,0010,0010,0010,0010,0010,0030,0010,0010,0010,0030,0010,0010,0010,0030,0010,0010,0010,0010,0010,0030,0010,0010,0010,0010,0010,0030,0010,0030,0010,0010,0010,0010,0010,0010,0010,0010,0010,0010,0010,0010,0010,0030,0010,0030,0010,0030,0010,0010,0010,0030,0010,0010,0010,0010,0010,0010,0010,0030,0010,0030,0010,0030,0010,0030,0010,0030,0010,0010,0010,0030,0010,0010,0010,0010,0010,0010,0010,0010,0010,0010,0010,0010,0010,0010,0010,0030,0010,0010,0010,0010,0010,0010,0010,0010,0010,0030,0010,0ACE

Muting ON: [Doesn't work on PMA-2500]
0000,0070,0000,0032,0080,0040,0010,0010,0010,0010,0010,0030,0010,0010,0010,0030,0010,0010,0010,0030,0010,0010,0010,0010,0010,0030,0010,0010,0010,0010,0010,0030,0010,0030,0010,0010,0010,0010,0010,0010,0010,0010,0010,0010,0010,0010,0010,0030,0010,0030,0010,0030,0010,0010,0010,0030,0010,0010,0010,0010,0010,0010,0010,0010,0010,0010,0010,0030,0010,0030,0010,0010,0010,0030,0010,0010,0010,0010,0010,0010,0010,0010,0010,0010,0010,0010,0010,0030,0010,0030,0010,0010,0010,0010,0010,0030,0010,0030,0010,0010,0010,0030,0010,0ACE

Muting OFF: [Doesn't work on PMA-2500]
0000,0070,0000,0032,0080,0040,0010,0010,0010,0010,0010,0030,0010,0010,0010,0030,0010,0010,0010,0030,0010,0010,0010,0010,0010,0030,0010,0010,0010,0010,0010,0030,0010,0030,0010,0010,0010,0010,0010,0010,0010,0010,0010,0010,0010,0010,0010,0030,0010,0030,0010,0030,0010,0010,0010,0030,0010,0010,0010,0010,0010,0010,0010,0030,0010,0010,0010,0030,0010,0030,0010,0010,0010,0030,0010,0010,0010,0010,0010,0010,0010,0010,0010,0010,0010,0010,0010,0030,0010,0030,0010,0010,0010,0010,0010,0010,0010,0030,0010,0010,0010,0030,0010,0ACE

Phono:
0000,0070,0000,0032,0080,0040,0010,0010,0010,0010,0010,0030,0010,0010,0010,0030,0010,0010,0010,0030,0010,0010,0010,0010,0010,0030,0010,0010,0010,0010,0010,0030,0010,0030,0010,0010,0010,0010,0010,0010,0010,0010,0010,0010,0010,0010,0010,0030,0010,0030,0010,0030,0010,0010,0010,0030,0010,0010,0010,0010,0010,0010,0010,0030,0010,0010,0010,0010,0010,0010,0010,0010,0010,0010,0010,0010,0010,0010,0010,0010,0010,0010,0010,0010,0010,0010,0010,0030,0010,0010,0010,0010,0010,0010,0010,0010,0010,0030,0010,0030,0010,0010,0010,0ACE

CD:
0000,0070,0000,0032,0080,0040,0010,0010,0010,0010,0010,0030,0010,0010,0010,0030,0010,0010,0010,0030,0010,0010,0010,0010,0010,0030,0010,0010,0010,0010,0010,0030,0010,0030,0010,0010,0010,0010,0010,0010,0010,0010,0010,0010,0010,0010,0010,0030,0010,0030,0010,0030,0010,0010,0010,0030,0010,0010,0010,0010,0010,0010,0010,0010,0010,0030,0010,0010,0010,0010,0010,0010,0010,0010,0010,0010,0010,0010,0010,0010,0010,0010,0010,0010,0010,0010,0010,0030,0010,0010,0010,0010,0010,0010,0010,0030,0010,0010,0010,0030,0010,0010,0010,0ACE

AUX:
0000,0070,0000,0032,0080,0040,0010,0010,0010,0010,0010,0030,0010,0010,0010,0030,0010,0010,0010,0030,0010,0010,0010,0010,0010,0030,0010,0010,0010,0010,0010,0030,0010,0030,0010,0010,0010,0010,0010,0010,0010,0010,0010,0010,0010,0010,0010,0030,0010,0030,0010,0030,0010,0010,0010,0030,0010,0010,0010,0010,0010,0010,0010,0010,0010,0010,0010,0030,0010,0010,0010,0010,0010,0010,0010,0010,0010,0010,0010,0010,0010,0010,0010,0010,0010,0010,0010,0030,0010,0010,0010,0010,0010,0010,0010,0030,0010,0030,0010,0010,0010,0010,0010,0ACE

Network:
0000,0070,0000,0032,0080,0040,0010,0010,0010,0010,0010,0030,0010,0010,0010,0030,0010,0010,0010,0030,0010,0010,0010,0010,0010,0030,0010,0010,0010,0010,0010,0030,0010,0030,0010,0010,0010,0010,0010,0010,0010,0010,0010,0010,0010,0010,0010,0030,0010,0030,0010,0030,0010,0010,0010,0030,0010,0010,0010,0010,0010,0010,0010,0030,0010,0030,0010,0030,0010,0010,0010,0010,0010,0010,0010,0010,0010,0010,0010,0010,0010,0010,0010,0010,0010,0010,0010,0030,0010,0010,0010,0010,0010,0010,0010,0010,0010,0010,0010,0010,0010,0010,0010,0ACE

Recorder:
0000,0070,0000,0032,0080,0040,0010,0010,0010,0010,0010,0030,0010,0010,0010,0030,0010,0010,0010,0030,0010,0010,0010,0010,0010,0030,0010,0010,0010,0010,0010,0030,0010,0030,0010,0010,0010,0010,0010,0010,0010,0010,0010,0010,0010,0010,0010,0030,0010,0030,0010,0030,0010,0010,0010,0030,0010,0010,0010,0010,0010,0010,0010,0030,0010,0010,0010,0010,0010,0030,0010,0030,0010,0010,0010,0010,0010,0010,0010,0010,0010,0010,0010,0010,0010,0010,0010,0010,0010,0010,0010,0010,0010,0010,0010,0010,0010,0030,0010,0030,0010,0030,0010,0ACE

Ext.Pre:
0000,0070,0000,0032,0080,0040,0010,0010,0010,0010,0010,0030,0010,0010,0010,0030,0010,0010,0010,0030,0010,0010,0010,0010,0010,0030,0010,0010,0010,0010,0010,0030,0010,0030,0010,0010,0010,0010,0010,0010,0010,0010,0010,0010,0010,0010,0010,0030,0010,0030,0010,0030,0010,0010,0010,0030,0010,0010,0010,0010,0010,0010,0010,0030,0010,0030,0010,0030,0010,0030,0010,0030,0010,0030,0010,0010,0010,0010,0010,0010,0010,0010,0010,0010,0010,0010,0010,0010,0010,0030,0010,0010,0010,0010,0010,0010,0010,0010,0010,0010,0010,0030,0010,0ACE

Optical 1:
0000,0070,0000,0032,0080,0040,0010,0010,0010,0010,0010,0030,0010,0010,0010,0030,0010,0010,0010,0030,0010,0010,0010,0010,0010,0030,0010,0010,0010,0010,0010,0030,0010,0030,0010,0010,0010,0010,0010,0010,0010,0010,0010,0010,0010,0010,0010,0030,0010,0030,0010,0030,0010,0010,0010,0030,0010,0010,0010,0010,0010,0010,0010,0010,0010,0010,0010,0030,0010,0010,0010,0030,0010,0010,0010,0010,0010,0010,0010,0010,0010,0010,0010,0010,0010,0010,0010,0010,0010,0010,0010,0010,0010,0010,0010,0030,0010,0030,0010,0010,0010,0010,0010,0ACE


Optical 2:
0000,0070,0000,0032,0080,0040,0010,0010,0010,0010,0010,0030,0010,0010,0010,0030,0010,0010,0010,0030,0010,0010,0010,0010,0010,0030,0010,0010,0010,0010,0010,0030,0010,0030,0010,0010,0010,0010,0010,0010,0010,0010,0010,0010,0010,0010,0010,0030,0010,0030,0010,0030,0010,0010,0010,0030,0010,0010,0010,0010,0010,0010,0010,0030,0010,0010,0010,0030,0010,0010,0010,0030,0010,0010,0010,0010,0010,0010,0010,0010,0010,0010,0010,0010,0010,0010,0010,0010,0010,0010,0010,0010,0010,0010,0010,0010,0010,0030,0010,0010,0010,0010,0010,0ACE

Coaxial 1:
0000,0070,0000,0032,0080,0040,0010,0010,0010,0010,0010,0030,0010,0010,0010,0030,0010,0010,0010,0030,0010,0010,0010,0010,0010,0030,0010,0010,0010,0010,0010,0030,0010,0030,0010,0010,0010,0010,0010,0010,0010,0010,0010,0010,0010,0010,0010,0030,0010,0030,0010,0030,0010,0010,0010,0030,0010,0010,0010,0010,0010,0010,0010,0010,0010,0030,0010,0030,0010,0010,0010,0030,0010,0010,0010,0010,0010,0010,0010,0010,0010,0010,0010,0010,0010,0010,0010,0010,0010,0010,0010,0010,0010,0010,0010,0030,0010,0010,0010,0010,0010,0010,0010,0ACE

Coaxial 2:
0000,0070,0000,0032,0080,0040,0010,0010,0010,0010,0010,0030,0010,0010,0010,0030,0010,0010,0010,0030,0010,0010,0010,0010,0010,0030,0010,0010,0010,0010,0010,0030,0010,0030,0010,0010,0010,0010,0010,0010,0010,0010,0010,0010,0010,0010,0010,0030,0010,0030,0010,0030,0010,0010,0010,0030,0010,0010,0010,0010,0010,0010,0010,0030,0010,0030,0010,0030,0010,0010,0010,0030,0010,0010,0010,0010,0010,0010,0010,0010,0010,0010,0010,0010,0010,0010,0010,0010,0010,0010,0010,0010,0010,0010,0010,0010,0010,0010,0010,0010,0010,0010,0010,0ACE

USB:
0000,0070,0000,0032,0080,0040,0010,0010,0010,0010,0010,0030,0010,0010,0010,0030,0010,0010,0010,0030,0010,0010,0010,0010,0010,0030,0010,0010,0010,0010,0010,0030,0010,0030,0010,0010,0010,0010,0010,0010,0010,0010,0010,0010,0010,0010,0010,0030,0010,0030,0010,0030,0010,0010,0010,0030,0010,0010,0010,0010,0010,0010,0010,0010,0010,0010,0010,0010,0010,0030,0010,0010,0010,0010,0010,0010,0010,0010,0010,0010,0010,0010,0010,0010,0010,0010,0010,0030,0010,0010,0010,0010,0010,0010,0010,0030,0010,0030,0010,0030,0010,0030,0010,0ACE

Source direct:
0000,0070,0000,0032,0080,0040,0010,0010,0010,0010,0010,0030,0010,0010,0010,0030,0010,0010,0010,0030,0010,0010,0010,0010,0010,0030,0010,0010,0010,0010,0010,0030,0010,0030,0010,0010,0010,0010,0010,0010,0010,0010,0010,0010,0010,0010,0010,0030,0010,0030,0010,0030,0010,0010,0010,0030,0010,0010,0010,0010,0010,0010,0010,0030,0010,0010,0010,0010,0010,0010,0010,0030,0010,0010,0010,0010,0010,0010,0010,0010,0010,0010,0010,0010,0010,0010,0010,0010,0010,0010,0010,0010,0010,0010,0010,0010,0010,0030,0010,0030,0010,0010,0010,0ACE

Dimmer:
0000,0070,0000,0032,0080,0040,0010,0010,0010,0010,0010,0030,0010,0010,0010,0030,0010,0010,0010,0030,0010,0010,0010,0010,0010,0030,0010,0010,0010,0010,0010,0030,0010,0030,0010,0010,0010,0010,0010,0010,0010,0010,0010,0010,0010,0010,0010,0030,0010,0030,0010,0030,0010,0010,0010,0030,0010,0010,0010,0010,0010,0010,0010,0030,0010,0030,0010,0030,0010,0030,0010,0010,0010,0010,0010,0030,0010,0010,0010,0010,0010,0010,0010,0010,0010,0010,0010,0030,0010,0010,0010,0030,0010,0010,0010,0010,0010,0010,0010,0010,0010,0030,0010,0ACE